5556
6666
7777
9999
5556
6666
7777
9999
5556
6666
7777
9999
5556
6666
7777
9999
5556
6666
7777
9999
5556
6666
7777
9999
5556
6666
7777
9999
5556
6666
7777
9999
5556
6666
7777
9999
5556
6666
7777
9999
5556
6666
7777
9999
5556
6666
7777
9999
5556
6666
7777
9999
5556
6666
7777
9999
5556
6666
7777
9999
5556
6666
7777
9999
5556
6666
7777
9999
5556
6666
7777
9999
5556
6666
7777
9999
5556
6666
7777
9999
5556
6666
7777
9999
5556
6666
7777
9999
5556
6666
7777
9999
5556
6666
7777
9999
5556
6666
7777
9999
5556
6666
7777
9999
5556
6666
7777
9999
5556
6666
7777
9999
5556
6666
7777
9999
5556
6666
7777
9999
5556
6666
7777
9999
5556
6666
7777
9999
5556
6666
7777
9999
5556
6666
7777
9999
5556
6666
7777
9999
5556
6666
7777
9999
5556
6666
7777
9999
5556
6666
7777
9999
5556
6666
7777
9999
5556
6666
7777
9999
5556
6666
7777
9999
5556
6666
7777
9999
5556
6666
7777
9999
5556
6666
7777
9999
5556
6666
7777
9999
5556
6666
7777
9999
5556
6666
7777
9999
5556
6666
7777
9999
5556
6666
7777
9999
5556
6666
7777
9999
5556
6666
777
